4697
18035
8438
24612
23783
1131
3686
8465
173
24241
17163
31739
15268
10217
24910
31416
23838
27565
6569
20968
13575
12490
13325
21708
2154
11181
18561
23388
12086
29976
27405
20115
16195
6426
20182
20238
26768
4669
9354
10709
26319
1281
14334
3961
11299
20361
4374
16735
10536
16789
7142
10587
22068
4272
7190
3968
25052
23723
28555
25143
10426
22601
25667
17551
23150
27196
9601
22228
28643
23120
1067
28003
22228
24295
7792
10684
30350
7845
10925
10713
29175
31340
27026
16831
19151
13195
897
29522
18998
16946
21814
6253
21102
28714
28589
29490
32227
3010
20288
6303
12136
18189
3601
26978
30660
5962
5543
3311
29805
10404
5084
8911
2963
14876
14070
7739
10592
30147
29972
32745
25215
6444
25292
25126
8155
545
23826
2853
14249
29589
2651
31127
6056
9946
30467
8059
25767
32020
20716
16184
13129
25838
1641
7913
15877
18571
19546
1528
15472
6080
20376
14574
16319
17024
5523
26505
14471
14231
20537
16656
2504
15259
10522
8931
19754
11296
18378
5462
11398
812
6023
2751
29864
12011
4124
5326
17748
4515
1541
1053
646
15849
17876
9736
27390
17174
32468
5311
30716
7669
16619
19865
27209
8638
4549
428
10358
27976
23854
21658
21096
16506
17600
32173
11797
17923
4799
32551
20872
9546
21569
26579
11819
28840
24210
21216
24901
17366
17366
6639
28098
9889
31472
28011
17203
2021
16035
18201
13845
25784
26615
27376
19798
28646
18399
27178
2325
19870
17432
23707
1706
14186
15188
17474
9702
7268
29848
20254
5019
4520
7651
27458
23903
9989
7696
24876
29326
29688
15869
26707
13966
28890
27885
27135
2135
28760
9259
26205
25394
19748
11761
12243
31936
8170
21383
28817
1087
4486
13999
11881
26377
7540
23105
16608
15965
22663
7699
28037
19042
4062
12827
7809
7785
21525
17624
26480
25203
17592
28909
19567
19955
12285
11792
32630
16341
23218
18722
2025
6078
1140
10143
2153
13462
31778
23097
5872
15428
22673
17088
23325
4280
10625
20805
26316
5679
13520
7295
31978
11954
5102
22894
14984
3808
17809
30269
22061
20462
1962
23661
26993
25324
3479
7728
30919
18762
26266
4883
11675
13978
10378
10208
30365
32663
13000
26051
604
31335
7541
29867
18454
13341
10466
7411
4814
8066
16712
3138
17056
8469
27322
25008
14418
7248
10583
17706
7979
26157
14788
3607
2312
16617
11738
15675
4268
17672
16795
19932
30296
23449
31851
8740
27291
11707
29309
3783
31596
11616
14987
18918
22390
6993
27594
16690
23475
11891
14365
6996
7996
16456
30344
26765
29024
8888
12776
18073
32243
786
4066
31706
3048
32334
9242
19890
2595
19093
933
5681
24200
6659
11456
23792
11096
6827
5826
30524
32445
14299
32335
29559
8355
162
16847
21436
29386
22416
25118
23490
5913
20413
31621
30211
20534
23308
19178
29725
20563
11697
4931
11896
27211
31473
30545
18217
22765
28457
7050
5142
4247
2834
9303
29787
20232
17475
25727
5357
23919
3832
20451
26749
14535
13585
1645
22176
5223
7774
2883
26156
27349
28185
31808
26341
4316
6580
23972
24153
32478
23766
19978
15368
17515
11936
13979
6344
23057
7220
19330
1384
17782
11384
28831
11412
17317
12567
22144
19448
28070
10441
25485
18601
2897
5845
15746
25280
2147
29652
1827
19528
16338
7095
9771
10074
4446
23819
9605
12166
30057
3452
1982
4725
776
18328
7611
15309
7258
13782
13735
6229
13593
3799
13872
5210
26478
9963
31219
22865
19210
15063
32564
3773
17010
22486
16339
8787
12954
1245
17787
23388
22710
4387
19997
15708
12877
11233
5277
32241
11151
10582
4555
4605
2024
6415
18836
5639
14549
4453
30842
5599
5879
21575
13633
30593
12646
12602
23275
3388
10055
18589
20199
4884
16289
5170
30598
7012
13164
22746
30382
11976
24043
26016
31954
9017
18236
17401
18465
28282
15662
15690
9214
30644
28242
22955
31921
11357
15189
15339
23388
23645
12940
32468
24112
8564
27089
30640
224
21974
10894
524
18774
24089
9239
14523
11430
19025
6205
16414
16448
4730
13856
1443
2921
29206
5956
6284
3308
10006
4839
32754
18700
6142
23442
12809
29630
9541
6895
4261
2837
10746
32730
3837
30206
28590
29370
25775
31533
6541
25618
29189
9303
19150
26963
14711
24994
3150
7157
4721
346
13687
28357
31062
20453
23655
28033
8388
29689
4430
6818
10266
23308
26904
24441
6967
18956
6989
17021
8069
26193
14133
22500
29239
19152
13375
8304
7118
32145
24995
19084
31970
22883
31047
2455
6175
16334
23008
30592
15758
10057
11353
13459
31509
22957
30840
14738
30274
30442
27839
4104
4932
4088
23952
25818
3386
28177
16277
10527
25521
23070
8543
13617
16743
30831
26701
8708
16469
3246
21680
19639
12013
14870
4396
14441
15009
5088
20834
16974
9124
4606
17355
23554
24052
15884
23271
16413
17304
11396
12696
21767
15398
5681
3784
12814
32137
9702
19538
31413
18945
20079
9504
1103
20331
15560
11921
31181
3011
14989
285
29141
23271
5298
21563
11028
4510
23156
4482
25300
18904
2191
8975
31185
17464
29874
296
23368
719
3376
17182
23122
299
16632
14200
31088
11664
9159
18253
20583
1925
8860
10482
1102
1938
23661
9686
1509
13385
29464
30633
2600
2179
26780
196
28964
3820
23689
25541
3850
22210
15797
15993
2946
9689
17457
3072
19265
3043
18299
29227
6110
15086
17653
32297
31201
18734
10902
5219
31006
16381
14816
6052
14145
7200
5906
2941
6313
9036
22686
13800
28538
13032
10973
1067
23789
27669
23554
14079
23787
24812
25677
6642
12251
9990
16001
18954
5816
29506
9367
20395
5478
8898
1204
4026
12102
21815
16985
22531
21000
31839
6105
2776
25280
1228
11281
11771
8508
31718
12371
24767
21909
22323
6819
32105
31749
16598
20518
27100
25336
3414
21463
23414
28518
16033
19836
4661
31583
14417
31961
20254
744
2349
27939
2527
4869
28147
31927
10675
12055
29013
3340
17798
8296
19777
28390
12122
25605
29029
24269
20201
10956
21235
9662
3979
8133
27041
12832
25947
26806
32245
15609
11669
5361
11455
20322
28227
28273
17383
15417
14617
24869
23656
25109
13725
27788
21917
18815
5771
21378
5564
29535
32375
32346
13216
27572
6068
17196
28107
29832
25461
2160
4779
23844
1074
30156
15900
22912
1869
10027
4143
28157
29174
5647
16681
17238
5452
11560
14031
30420
28100
14885
32481
15042
4559
12746
21221
23329
29623
31299
2341
31389
31434
12216
5883
7103
14267
5921
2124
19043
14405
13148
4179
31085
15889
12412
6048
26808
23770
6501
27488
10063
17359
2966
29150
1504
13881
23877
2122
3437
30557
27057
28090
20037
11684
30644
24430
6963
249
28311
19032
1269
30835
19755
13787
10735
23348
5909
19412
11809
6289
11370
8663
28503
31603
16252
10171
18847
11516
23795
24408
0
19054
14879
16783
7529
4681
15756
29835
25064
27828
30167
14151
4124
21278
29377
9808
12013
23333
13442
15821
4986
26807
9568
15548
18259
19319
20863
19838
7913
19298
20731
6038
5187
26802
6196
7854
14834
21250
8809
4826
23110
23476
10889
30241
5826
26512
26181
15162
7118
9133
30570
16787
15532
405
1902
21144
2989
16036
16712
1073
17061
31409
7557
9356
3996
8689
13465
4894
6598
11799
2931
10980
21174
704
3668
8687
26574
26895
11744
543
26618
28308
21110
7983
29086
11123
6589
11761
31948
13250
4735
24795
5563
14386
27323
11715
7028
6642
17397
8423
22223
30160
8657
24880
32158
27298
9952
18872
30248
7908
5050
15497
28377
18850
15437
4776
7735
17049
26484
19794
16152
23961
19660
27781
7442
5421
9411
3778
17716
18558
32497
15890
12019
4213
21164
3655
29031
28704
32214
28804
22712
25687
9722
24575
28627
5791
12183
19462
21089
14158
16316
25408
23289
17136
31701
9270
404
14058
31685
22289
32322
31069
8757
21669
1052
30797
20267
16047
10362
17411
8414
3419
19046
10415
14025
5642
3664
2898
11006
28497
16899
3547
13757
22085
15575
16016
12101
30966
4136
22192
25578
19001
7176
19543
28264
17067
23601
15265
3191
13042
317
27410
8607
2886
10778
28470
23630
15409
20920
12676
12584
5266
17668
24200
8350
16616
13594
32578
31426
20429
14774
16841
5465
24513
22508
13619
10290
23081
24858
31929
17335
24471
15898
15895
5570
18764
31420
20274
28850
25596
9587
26365
18621
18385
22350
21917
7048
29106
30762
1996
30196
452
4903
22907
3131
17201
20312
31675
6205
24873
24767
29149
29204
27943
1400
27096
5870
6774
25396
29676
4636
21235
22761
23941
31846
2324
6344
13154
1442
27433
7792
12022
15493
23522
21857
4879
2232
21522
947
15285
2862
4530
19720
25941
22710
14377
25023
28447
17100
17867
11882
7340
8885
671
8066
6884
23243
19557
19802
19487
533
25559
9298
8074
28186
7984
23885
30669
3831
9707
23141
25834
20912
6605
15325
13672
31940
20773
16726
8882
15108
1619
19270
7354
18596
8327
4263
30945
30355
31179
23788
2075
30728
17988
27193
22606
11870
180
11219
9468
26401
68
7382
15138
16489
7041
26406
21600
10086
31908
30375
11609
9533
2838
19633
23389
28178
3635
10174
9542
26214
27983
21350
25503
4772
12534
13454
11276
9462
10616
26076
19429
7517
24229
30830
22053
12289
11478
11467
18563
26054
13101
14361
3038
11039
30493
27025
21470
16679
24876
17457
8665
17646
30455
24752
28403
16656
30327
11191
16778
32141
13956
21582
12753
468
28823
32405
8634
32033
22484
3764
11290
2313
8520
8212
3848
31316
24943
31952
5509
13322
25337
10598
17507
12496
23245
22707
20063
13941
7503
23582
5009
26569
14558
25619
12294
10414
6561
9395
23979
2161
6788
13001
11628
9818
10109
11520
23454
17537
21780
1364
17306
31972
4386
32455
13995
19639
20697
13141
14891
27131
24580
13865
28904
5970
13712
9745
13261
27154
29004
17456
7614
13976
26349
25331
3779
5855
23125
16710
27241
16209
20757
9735
5477
5596
7472
20410
30331
16201
1314
3199
32414
5833
11552
3650
31833
17361
9634
20274
15981
25128
17183
6772
18876
28735
8983
3352
9829
30656
599
9036
2097
9321
18553
9679
22062
15643
27818
2985
21913
13102
6064
9242
31745
15368
10027
7376
11434
10478
30234
14428
25904
28953
3746
18663
7532
8717
10507
17185
24219
10790
7180
32123
21949
12660
8776
28566
25916
29897
6424
1531
31182
22287
7307
24076
9884
7391
9387
32315
19620
1616
2050
24185
20828
15117
1885
21745
10392
15531
18128
15095
13741
21305
22522
24123
18391
10264
14730
4675
13784
781
28674
30232
23778
23956
7100
16959
1719
16503
12330
13034
31503
8096
12385
25200
16442
10283
5337
10235
20230
13504
15982
20096
15843
23584
6827
14325
10053
19965
23880
16574
20298
29199
29425
30568
19613
32100
4426
31897
14490
29176
2095
8007
10931
15493
14400
2345
786
25756
21149
3947
18559
757
17902
31654
7557
29188
31911
24847
4304
27852
20618
20975
19674
4088
22381
2387
27335
28968
27965
23812
27789
16521
8003
3001
8791
10408
23718
15244
32556
24712
4145
15531
8395
9202
1879
25680
3802
1548
19060
5107
30016
21037
19030
16574
24016
28400
1788
3905
11559
30599
5021
22375
26327
32594
7149
9384
31941
13232
20123
1665
11727
20502
20766
17697
14258
6238
8369
20070
24619
19809
1180
28423
6493
20423
30134
11283
17779
25886
7976
20634
23942
21290
23667
937
32705
17788
22709
31356
10435
12614
13096
6896
7236
11118
19691
8759
16636
25825
9221
9167
29632
16682
24487
29877
5615
15171
29105
22230
23308
3243
29048
30918
6572
19128
5062
7604
9107
28207
25635
414
26906
30994
9043
19905
27604
11961
28448
12628
17520
4644
5978
29301
16353
7824
17435
2916
22461
28232
20815
10223
2531
17342
884
5933
21345
10458
31135
1391
21141
6290
192
4724
21650
26299
11302
6108
20932
23071
22342
13279
7640
11471
29880
27711
20182
26299
20098
32123
8080
18047
7065
10822
20800
11392
3749
7991
20589
15416
16901
16066
8462
10190
9491
26983
22002
23018
20137
5673
5983
29127
22756
20290
31994
17802
10791
26389
16102
24274
20323
31076
560
9616
19350
3267
17515
11545
146
26701
10903
22393
5376
29077
14152
17162
31652
9952
11268
13894
32739
2449
6636
32218
31618
3300
26014
28923
6576
23775
16987
4093
19271
4486
26725
28962
20559
8783
2731
28592
31428
11733
20392
20806
3736
27088
20873
21871
25340
20293
27022
25464
10460
22266
19122
19071
31400
23085
12174
18381
6490
27525
8059
18278
31413
15433
3831
4829
3274
25040
24394
25197
21185
3897
361
1094
16086
5980
16410
3621
28066
19199
30041
19751
9884
1870
12026
26591
17887
2181
1681
26278
29486
21744
12431
5682
18997
21525
1709
30827
22545
26160
4494
14201
4627
4063
21919
20258
10689
3615
26435
24659
25118
26231
2605
25340
18988
18291
24588
10785
174
19796
27246
28207
25906
32518
25566
20876
23119
5970
13392
4977
32044
28245
1216
25852
30273
5937
13845
5249
18274
1538
16203
802
15097
21012
14033
6303
22675
26707
2864
10607
670
16898
12014
783
8560
29616
15282
4762
32652
10344
20648
22938
15137
23849
12327
9501
28884
28821
24722
15116
959
23277
21628
29113
9914
8765
24079
26039
2777
24276
29102
16878
22326
25591
31705
19950
19952
24791
20049
13956
17011
3520
26749
17547
17658
14738
7949
30213
10067
19317
26333
11627
16098
3273
18204
27457
2025
20316
13997
17900
3591
17376
26829
5064
15870
5276
19703
31606
1209
6241
17924
24179
24461
12736
23703
20975
16831
11898
28856
6620
29510
15160
11967
23109
19667
16252
19316
29409
29967
13784
19316
14568
803
21598
22999
805
10878
6487
29199
15437
21458
4152
24851
28559
18272
25297
25022
876
19574
2760
22641
5833
25142
14150
29184
13378
30104
15088
10700
20418
14515
5657
31532
16976
32568
28981
16914
14380
17471
7057
3819
17691
15686
25154
29126
4863
7798
21340
185
24234
29737
16740
7552
14068
13738
6919
15976
12811
30011
27403
15980
3339
20829
5255
30877
27087
2891
8015
12999
7942
26312
10419
6993
20105
14106
19561
24165
13804
15703
6599
5713
27986
15327
26933
6957
2182
25386
9699
30142
20040
31684
24503
31131
31205
29077
14730
19086
15115
9318
1939
20797
26586
8609
12835
25354
5438
11096
12435
8503
2429
12425
12411
21326
15628
6817
15653
16576
23975
5182
31554
19916
1952
11577
19675
24482
10616
32740
29066
19401
17836
15248
30441
22206
1745
14419
3403
1502
23011
30728
5290
18565
731
14486
30177
15480
24447
31606
7195
4480
19582
9839
8844
20568
24764
8612
2655
2249
29419
5841
3311
11028
7515
13778
24121
4240
13331
8805
29586
30612
24864
28464
8853
30359
23341
18950
11360
10902
27220
15718
2304
9399
12084
11076
1833
23339
24644
25868
5162
8536
29030
1253
16417
27448
22976
27699
21099
24572
27591
2911
607
32758
29596
22234
10300
25013
3996
3423
31327
19058
30515
13177
10938
9643
9200
26694
30849
8205
4319
30586
2598
27031
1043
19622
9096
25341
5762
11195
3176
14922
28182
21194
15132
15050
24064
26893
6023
21543
24912
24363
27208
7378
9154
9400
19506
21412
3291
22267
10748
9414
309
19701
12346
13774
19992
9374
13196
15658
29513
13682
26902
10434
16167
3116
816
6105
28915
21458
1630
11316
21872
20465
27266
30335
4524
19498
23632
492
4125
9453
13059
17181
17391
19845
28238
28228
13981
30549
20630
30857
5055
15969
26974
18604
10019
32528
9219
23275
286
14640
11945
23590
13604
9274
19829
65
26263
22743
28157
6090
6109
13220
3836
10459
28597
21810
20555
3906
26827
25426
16140
26592
8074
28559
12840
19279
12849
9979
19197
7112
26409
12079
28240
27203
3478
21645
18825
14047
19500
28104
14367
4229
21059
6311
7505
22472
7982
13317
1559
10512
21449
15133
10072
12792
16978
26116
3165
30196
12410
13175
2438
17975
32699
16343
18235
28884
12267
3442
31014
27427
28690
8708
5535
31590
12665
7550
8552
9644
28931
11781
25499
24566
10944
1342
5600
20889
11200
13001
25827
8675
13861
2059
21766
6657
11132
26929
24403
7712
12622
12145
23220
16851
1009
147
1382
31669
27556
16305
17067
15439
2012
31547
24767
27708
25816
31805
31502
5514
3963
23269
19620
15460
7003
15424
1765
10990
20246
7492
126
13425
27365
20243
20635
13240
15731
2174
10843
18618
31471
12488
3200
6521
2655
18349
6508
6697
15672
3747
11081
8341
9516
22368
30855
18111
31812
7068
23691
24774
21294
16920
6309
2573
31192
13535
8515
3482
22078
11468
19301
11708
7552
22092
28241
3825
9015
13157
19848
18950
13065
24312
24312
27008
10363
5443
16755
22075
14599
9641
30560
30545
9327
12726
14769
2365
16208
23902
30485
28737
3066
21637
21358
2565
21887
18885
15237
17024
266
21099
24828
28699
2418
17346
12933
15124
22799
30101
9298
5153
30157
3567
23757
32343
13182
14885
6536
12361
24693
30998
24695
20596
8272
23218
20829
20699
26901
22713
11140
11758
22145
11461
23473
5296
18332
18315
9815
13337
31377
19806
16907
15801
6845
15349
30264
22943
29958
7533
4628
4473
18030
27793
20434
30461
22759
3674
30746
2439
25194
1202
22966
7939
23107
15997
27022
21517
14511
10458
7894
18263
21672
26022
24454
9291
21504
19267
4362
16626
25005
4503
8507
21269
7780
20567
7055
162
32617
12933
7820
20304
4005
823
17795
14214
18169
30619
23162
24186
27602
23096
25706
15254
13053
31606
26027
11551
4541
2913
24236
16408
30235
16554
26855
12132
22910
28910
32276
24108
24955
32315
16285
20864
750
15825
21075
27969
23370
15397
8799
30782
13357
556
9083
11165
25912
16341
24930
20861
2077
32728
29828
14041
13049
18606
12031
29871
11493
20192
5579
21602
20679
7301
31284
21342
4719
20998
18318
2554
23007
25637
22820
31138
10473
31550
27761
1589
16128
22476
915
7852
12104
24622
19452
22781
7407
15276
23915
1342
4544
7861
25882
31758
8949
11370
4409
11313
22605
4449
20636
11130
2399
15266
15025
20206
9518
21494
13236
3622
6141
23650
8486
13813
17253
6126
17019
11851
15524
8106
531
22361
17720
18675
21099
16886
12717
16627
27541
18242
12979
359
31973
17289
13427
677
9966
30826
18467
20189
20908
23096
19416
23199
13059
19616
17564
18077
6504
4748
7873
28339
20191
30024
18549
27172
10277
26339
23190
24871
5166
9177
17351
23458
16338
6126
10691
27957
8643
2653
29937
25210
706
21810
14905
21387
22034
11253
30487
16325
30253
13704
21485
5836
6583
32082
24734
21199
5296
32670
32600
2062
14829
21821
29105
3481
28873
17011
15350
9050
21272
11537
21183
14677
26460
15838
18119
15407
19260
12603
25339
2797
25137
6919
28881
31231
23683
8641
5851
1917
10868
29932
1436
9392
12218
696
26266
14548
19251
12510
16820
16668
1749
7372
19638
12791
996
9986
22827
32146
30567
19900
21619
25502
19164
6865
3605
28243
13611
10459
14422
16565
24537
920
22282
6678
27774
26512
4266
13020
28281
9464
5543
22148
11490
10711
4606
24295
16576
30567
23821
29884
25468
1726
23460
14687
406
24749
18528
15825
26007
27881
22068
27391
3911
15464
24905
16199
2847
21262
8712
1336
24065
13449
5749
26521
22823
14458
5566
1709
27226
27093
16915
29366
15460
30090
19641
12216
15303
27749
16474
9855
21423
23602
17824
9955
30502
1062
5634
24395
19079
10362
4317
28016
309
18777
9926
27748
17292
16636
3871
9170
12568
3348
31720
15495
21253
18280
16344
7729
4823
4543
6828
23143
2396
30976
8128
18666
14814
5016
27356
14635
3484
24348
5968
23821
9084
8495
11587
20715
18426
20391
31048
25821
10596
17387
562
2871
7241
15775
4394
4179
1071
30852
32766
32657
13444
22937
16828
22939
24023
30599
22912
32750
23368
571
13194
31126
29757
19925
5267
30008
26199
1217
4961
11350
19365
17699
20634
3023
12567
11641
24790
17829
28981
7292
7415
12291
10000
10310
19645
5503
19833
4282
24469
23196
24178
12577
10162
7315
1762
13585
19295
11603
17037
5267
24724
4294
29762
7044
26311
24406
20054
60
4868
12720
8018
19822
8768
31175
22249
9039
9707
27932
22317
5115
32452
25662
26114
7956
31217
21388
21202
4268
17487
16706
9346
18277
10247
23732
25509
9686
18530
6868
21744
13105
20446
31738
14318
12067
17537
24293
24053
7420
30317
1277
11609
2576
15541
11226
25823
4957
29807
24586
13173
28270
30218
27919
30752
31103
29922
3752
15925
5857
32018
18258
18892
22432
905
13
18546
14692
15457
21859
31262
31637
11116
13735
26215
20418
8975
13435
29171
26948
9555
14228
26675
12318
23353
24770
19789
6952
5710
22826
3162
30061
4224
25046
21970
4817
24112
19825
16964
14327
18056
18251
3403
14689
30223
2980
31933
5593
16250
29990
18469
4112
24262
947
5236
2950
29315
16481
22515
12457
8051
8899
14972
7233
4691
23403
17898
7691
21497
10156
31438
19108
9119
4773
7524
25769
19327
18298
20165
24861
9120
22757
18013
2827
14063
8686
16288
2668
16017
9206
28665
21066
26488
1530
6403
14886
5684
6422
2812
18072
7436
1608
11127
25909
6222
2423
21584
8117
25827
23988
7909
2646
25894
16063
28547
29051
2039
9165
21791
2713
17930
6024
4423
11347
2437
20824
23640
20964
13259
29665
14832
28094
13714
5325
29094
20336
27964
29131
32761
8397
16228
30423
4999
15947
7607
31165
27264
28329
28677
20184
9305
15829
5015
6944
23493
32524
25796
1892
7393
14915
1727
14547
2990
2246
23987
12993
20165
9503
28434
1448
4678
12857
7210
28525
14098
32197
27385
20709
570
16861
20802
7320
24759
10727
13792
8901
4955
7869
7259
24230
22279
7691
11961
10484
23839
8440
6550
29614
10299
22024
28279
29463
8479
12864
92
22526
30702
7564
28308
32577
9626
15967
20949
14996
8607
10393
16268
5759
8177
29613
6002
16806
27442
31747
20320
31053
12073
21403
12644
7963
18288
9716
16404
23582
26220
4908
13602
29968
10370
18024
20017
13273
26504
19318
23527
2644
25210
26545
18244
21078
3439
31269
306
20205
7627
9972
4189
21221
9909
20985
12612
12433
22988
11434
15505
22216
16405
23363
18341
16173
32568
29985
13176
4531
32493
25707
7584
8545
689
26872
26543
9811
3005
17005
18626
22786
5944
17830
7511
21189
3244
24920
26975
22423
28855
22004
16533
27930
12291
9422
2317
25308
5751
31358
19472
12249
18095
6278
2343
18754
17834
566
16246
22141
28355
28877
8523
26221
25571
21217
9719
2547
19956
23297
28125
30645
409
24984
11464
7454
23580
7700
3714
16550
27816
31560
18850
6483
15800
2831
21669
32639
21199
23859
28992
6877
11882
15757
501
12727
29746
7533
24037
32121
31607
11324
5861
10355
26074
25439
26067
22747
3657
2399
12587
27921
25649
28743
25045
19751
1774
29518
31297
30113
13703
30646
9142
8057
26264
29940
9703
10599
7311
18449
31944
9823
18971
22096
159
13658
23266
17169
21598
1625
13427
15605
3632
12455
17275
9795
20050
15967
26939
7307
14372
4399
23865
9097
384
1115
22326
30539
3146
28677
5473
18838
15944
29099
4810
28295
2868
7665
537
15478
25872
32673
24704
8991
1722
2032
13550
15876
19648
21507
20358
26125
4213
27569
7503
1650
14661
23947
25645
14554
30789
23577
31504
27845
25102
16487
21099
7719
23244
5568
24808
24405
2194
4794
18522
14885
16369
9075
18162
11345
7880
26905
18615
17181
18781
21168
11568
6714
32173
13071
5475
16873
28929
30764
19972
20580
11202
26522
10726
8825
22414
1104
24757
3960
13195
428
17895
5199
8956
26552
27632
14836
2578
19627
1973
15107
27908
18355
10308
11433
1378
241
5826
11968
16806
709
29348
26427
25356
12365
24099
19653
11683
1320
20201
1189
24228
640
22289
22501
23811
27975
31310
947
22597
16832
25450
26887
18833
66
3571
24454
2825
14137
14385
12199
31067
28269
12634
30740
21394
22407
22537
595
19763
26577
23789
19109
1669
16189
7614
16174
24368
169
11382
31319
22281
32609
22205
31857
28973
26085
16805
10395
19789
14829
28055
2277
27464
25003
13966
7605
19711
3664
9346
15466
27237
12241
8232
16704
11221
21995
24536
6259
24233
8805
8398
25256
22536
12437
150
14472
14847
5669
2754
20910
3795
24855
20190
4803
11926
14087
4774
18151
8953
31152
29814
2131
32097
5298
4609
7229
21309
22675
1862
17916
21654
1795
22976
21869
12519
29796
9181
29845
15920
25225
5298
30856
5702
30910
6125
14729
7789
32009
14859
13938
11560
12976
7371
1879
16976
507
4066
25446
1380
19771
8688
15889
32288
5899
15795
16240
15185
24022
10106
7136
23527
20634
28381
3825
11852
16619
10412
32127
23028
30266
1317
798
18230
18007
5738
28348
14682
5941
23346
29313
20211
11758
25022
2810
23663
28422
5903
24951
21740
29684
5718
11697
13645
6622
3244
23216
9613
28069
1283
29420
17492
6433
12380
6067
20680
13742
32315
1994
9894
10215
6488
31063
16529
26801
7320
19198
13482
24444
5179
20555
24416
12741
8023
15696
12426
11231
17797
30095
20147
9972
21722
16922
1204
4167
23577
13048
11657
30139
5414
12235
4701
15257
21438
31664
28391
24462
19558
12391
4089
27891
18337
29876
16470
1617
5478
29188
30661
10277
21713
19796
99
2272
25625
10063
1597
14898
3266
26550
17694
28552
16404
22533
18598
3540
30667
20820
29340
26764
3856
379
15237
20469
10152
2937
24950
21665
28524
1815
31014
25654
23033
9160
5447
9074
8872
29396
30743
10604
10945
7349
818
29
2027
1473
22954
3614
22247
9738
26713
19891
9854
6275
18550
29961
3768
9572
12391
29628
18511
19407
26326
27036
22627
3763
27655
31409
9327
2289
19817
9341
636
3261
22379
30848
6549
21063
6544
24578
9850
31131
28870
19724
30873
25542
3060
31928
15161
10043
7890
11946
24313
9077
14077
30175
14201
30685
26443
1702
8535
25069
15707
9707
17501
18070
13681
7611
17912
27359
8321
23301
32748
8144
12426
6302
3911
25998
7974
15240
20371
18887
8798
17524
5712
1360
9154
31365
17058
7437
28090
13143
30022
2578
17175
23616
1226
11527
5357
10454
510
4305
19109
2737
24742
16495
20558
22130
6257
13345
24372
14851
21039
6608
13492
26657
30014
31914
11086
7448
10565
4109
27132
24782
8229
8614
7618
10755
15405
30426
29063
18135
26254
6500
14371
11917
10766
22336
31929
8334
26112
31176
27975
13489
11635
30750
21371
16569
9898
10441
4041
14112
32460
13987
19130
25363
17885
23794
20615
9661
18157
11989
19174
6344
12431
28130
19748
14881
8589
13325
26228
1276
28122
29899
11911
7193
12232
6520
92
26949
31099
15606
22362
22051
15006
19096
668
556
11860
1086
8844
6645
25970
13249
9395
13232
16619
2961
12751
21750
28812
31388
16934
1476
18921
30578
19483
5315
2967
1703
16639
28876
24731
121
19497
15275
14371
22963
2121
31267
17780
29650
7929
1331
15396
14437
1685
8344
7305
954
21069
23187
9329
8886
18552
6380
14355
26629
13099
30519
22342
7284
7947
23126
29425
20122
31839
23871
14019
17854
22122
31488
6948
7157
5367
6656
21355
17291
31797
23687
27729
31652
24261
23168
11941
30755
13842
10366
6722
16587
5345
20478
3391
2980
10281
7404
27493
5793
14884
25704
23014
17535
27558
10441
25419
240
6062
16098
6063
12281
5434
22661
32043
11417
19296
6214
25745
6827
19355
4737
30301
4109
26211
24479
3048
22786
28160
9108
10463
23509
7071
11948
10484
24512
19110
7048
30163
15115
32325
3683
22872
11384
25933
31131
16383
25567
20550
2924
32668
32278
19900
10494
30284
30739
24793
6818
5547
23893
1593
19800
11847
13696
31481
19862
3925
30023
31249
24388
20131
30350
25572
22283
19662
15312
1046
6351
18869
703
27038
24442
7469
27179
1308
12796
26615
12069
364
10640
20719
17764
2683
27968
8837
20200
30297
1707
23665
14044
1168
29702
3491
29633
10165
7009
2681
13513
3388
811
21301
32385
22416
29689
16046
31411
15972
26499
15686
32651
2371
26863
18459
4600
6255
19027
20610
26453
28648
21365
17329
10825
30923
19925
30395
1772
27869
4589
3778
16939
8296
31159
14695
24685
7750
23664
18822
8055
19003
30620
3105
18316
32136
26954
27033
6105
20924
8089
10020
21009
3534
24955
23675
10581
26985
21689
29139
6230
6791
9527
14863
25277
24897
12666
32052
17867
1509
24679
1821
7228
32074
1101
3696
31090
10080
28454
2000
32719
23563
7194
14676
30307
14898
4677
8760
25031
27923
25786
2771
9288
23513
29640
20681
26952
30576
21372
17282
24546
6808
31590
9435
2253
12344
9120
8731
7043
5109
29453
22824
18082
24836
25311
15867
20370
9020
31580
29777
21864
7792
19937
29091
15114
8187
20519
31577
31892
3740
31941
21819
29691
11397
23798
13352
20721
16302
24477
18698
18440
5231
8582
30729
15641
3662
2799
4095
27879
15126
26183
5676
23040
7209
21557
31276
228
6678
16604
17957
5993
22126
15966
8005
23390
20436
26782
10860
13423
3156
13899
10533
11592
15862
23322
25307
2046
5522
8018
11850
29098
14309
20622
12083
6487
2277
12222
7252
11806
16722
112
8599
2191
654
7502
12938
851
23726
13799
24847
18192
31441
6578
3157
3469
27056
13391
31750
8215
11383
7953
15298
5411
5076
27578
19149
4404
2893
3205
29700
3839
20694
32106
25110
29389
19107
4765
17392
27938
28475
4184
5497
28828
29646
28634
24704
16157
13512
30128
2546
21037
3238
32051
32593
8857
3336
7506
22625
4960
19976
2705
16677
976
18379
23122
16393
19693
27221
2899
11361
11794
26530
30585
26898
27867
25586
4812
14223
11329
100
7106
14088
16135
29638
8384
25566
31062
9644
32478
11097
17828
32703
15851
26525
218
26968
28081
22490
25013
8526
26745
26820
28524
27148
7890
24899
19348
15334
20623
18283
21313
29101
22287
4526
23407
9088
25793
30800
3232
9190
24038
31516
8646
21274
11929
28502
3682
15526
16909
10736
20462
13107
32535
6656
28281
24224
28140
26482
28817
28753
27435
27130
18021
29130
3102
3149
28715
24956
6205
28561
25536
4574
15347
25362
30094
32448
22693
1078
18611
3293
5617
6835
2656
26543
6195
1279
31870
29063
78
18697
5016
31196
6313
7462
11253
11747
21367
32078
6660
30561
32316
8328
6654
15806
20108
25251
25286
15706
11286
30247
24596
26916
23522
29323
22482
2664
28887
4776
32454
4840
9600
14190
16498
21807
784
726
15928
5922
31139
7959
18882
13016
19910
1565
24225
14763
32570
23863
24372
19855
3317
14608
6348
9379
14954
24032
21261
27398
14858
20451
28312
30444
24843
18443
22247
753
18536
24818
19319
25261
32553
4114
17453
25992
12772
16184
29939
23503
27524
6710
13474
29192
21321
25816
19236
22147
3088
27930
27354
23858
6357
28056
22843
5562
27254
29766
2750
1994
31417
8545
13818
2476
6289
21158
8716
25882
18845
3777
13370
15954
25842
17672
214
29037
19226
13673
25444
23020
24412
5281
25087
14484
9790
16559
24568
11132
11593
6537
25537
27748
8204
21005
29705
18760
11876
19770
20521
2869
10234
23456
1983
16220
28940
27925
13720
5733
13425
2730
25044
19973
30423
11486
20292
22739
28496
16913
14359
14423
18701
31035
15798
15716
12904
9437
4076
8872
23848
19000
3914
13698
21505
12478
28362
275
18779
1478
6322
12184
17237
26755
23227
5623
18696
29239
7539
7575
29968
3748
10976
117
4425
14531
18534
2933
8150
28601
10218
23286
30056
30727
29752
17832
18620
15617
31906
27042
23398
26241
17386
4015
8142
30428
30307
22761
120
1301
2898
27274
11400
26449
5530
3070
3461
24971
1945
27453
19037
11401
28237
31575
31657
26895
26555
8528
30003
21330
22673
9007
18613
19119
9482
3410
26084
413
28946
516
31661
27105
11179
10066
32447
12545
27023
10010
31049
24826
21270
30052
2053
31029
10587
20725
10357
5048
9882
12834
15469
27290
15837
7139
26321
20921
32216
808
9632
30895
6929
16496
19761
2305
25924
16279
18621
29850
11269
25071
17438
2168
22183
18067
8918
6054
13149
27896
26707
21098
16799
26053
30066
7615
31695
1509
16193
32517
25629
20442
25353
28664
22696
1876
15244
11999
29413
8962
23435
24325
30277
4264
4491
3437
4626
32626
22745
28098
31386
9352
23500
25485
7568
11746
27466
11179
30127
22366
3981
14845
16800
22031
5671
8033
8734
3544
16708
3041
25432
17722
31792
16683
30103
19307
14617
2369
22816
17576
23573
1394
348
4299
22375
27017
29494
32
23806
30532
8901
19061
18750
19976
21547
31856
11011
25298
957
20262
3299
13425
6500
7656
25524
4083
27458
28256
17998
31069
21401
16094
21138
3231
24041
3820
25516
27334
20313
22056
32148
1908
3672
23891
4571
27277
11652
11685
420
14900
7627
2659
241
8438
19408
10420
16160
25668
11408
6577
30901
16167
32069
6843
22105
21807
14987
16401
15651
20909
4801
11681
29719
1825
22450
21023
17132
8950
13172
22613
28179
18797
9361
17082
13300
11736
1381
25925
12155
31496
8903
12675
17363
8200
9708
2280
30065
21772
21895
2403
21589
27812
29237
2100
23436
17717
12825
12034
27130
28330
8131
28456
14422
22631
24663
16209
28790
7038
9451
22340
18893
13606
19248
24065
20274
17769
29013
15884
12770
9756
296
5129
19913
28180
30335
27529
17149
13463
25814
15908
18572
10513
57
26824
7287
21256
11621
2896
13566
3666
23850
1624
5918
6022
14099
2896
30297
15536
22345
29392
437
1609
9141
19755
519
27750
31845
24903
11633
27695
19249
3500
21546
4499
13982
16346
19069
18746
31746
30176
13333
3771
13545
32298
5239
19216
3000
27035
18640
30535
9104
25564
20209
22393
14197
26099
32152
25088
13488
30487
4593
9957
21617
28610
13916
19352
30905
29449
26225
28388
20599
4649
21569
2337
1778
20066
13023
7340
614
27912
2592
19092
30194
20951
30622
8086
19121
21383
259
11596
9256
16032
23428
17313
992
31376
19627
24200
20563
1274
2138
7150
17165
14162
12301
19948
523
2727
22367
32066
26727
19903
12752
28673
16951
361
19909
2183
32690
20239
208
4272
9108
19851
26930
17739
28868
2107
10398
13771
6964
31832
15424
19519
9
131
5630
4485
10493
19105
23294
442
7937
2025
27496
1268
20518
15163
5997
24628
3261
21940
9608
12950
24509
15743
3587
21195
18022
14062
4030
8393
2852
25545
556
8129
18358
19686
2206
27730
21135
10745
2756
25340
7037
23470
5744
2775
15240
19445
3742
6277
15389
10397
19378
7525
22892
11301
4352
14089
17422
26831
31633
21227
9707
18933
20004
23131
28251
16288
15988
23228
10635
18519
10169
32240
26403
19765
18033
26385
29733
1087
24928
18274
27672
19700
982
16261
25959
15141
11568
24814
15620
17414
6561
25495
17744
16774
2099
25589
23615
16348
8712
15660
11447
18786
26342
21375
7994
9383
17139
25354
15813
14527
12732
9907
3832
3038
4732
27486
11382
4134
4508
25440
6287
12988
19318
20022
5917
24865
3166
18552
3499
30912
20963
22536
11997
21699
29010
2191
29964
28203
1916
11306
12336
16928
5561
5216
11011
29317
28717
22360
11107
21712
24906
30024
20984
25369
9878
29233
7448
17264
10927
14282
4839
22900
8332
21433
22211
5666
25605
26121
11743
31210
17302
21465
14125
32008
5984
4689
23170
21009
18800
7643
13045
14028
13124
29071
30856
18244
29835
4846
11530
1819
10029
1492
4155
5409
5259
15528
7986
15653
20488
22742
8956
23564
23240
20351
4742
18976
13496
18031
19388
16298
32462
15695
26611
26562
4754
22299
12164
5478
13021
22487
28858
20170
14816
10878
15855
8943
26729
828
22257
32119
14946
29148
16811
27832
25754
30852
22017
3599
24521
31392
16635
5238
9422
6172
17190
7513
32314
18646
11831
18342
4882
19539
26098
16676
3793
16817
26698
15877
2733
31708
8394
3774
7195
26117
2867
18454
11413
3152
26983
12669
32411
7373
4229
28064
1016
29866
4438
4410
26950
3495
16360
7213
31412
24521
24184
2257
17927
2899
28565
25996
7647
24306
29571
11427
25148
3640
5342
20047
12864
11339
2175
8468
27447
16095
9380
11342
6356
32097
29514
269
15037
4213
17374
5410
843
26019
21
21626
29578
27469
18457
23723
30856
18661
6629
5837
28108
26461
2034
9099
10532
24030
17171
19833
29604
5820
31645
30121
5099
16554
24012
11897
19880
24618
11618
30894
31325
5448
17553
22215
8035
27016
31259
10891
9519
14877
12984
4325
5075
4699
8632
12273
30919
2671
31977
11095
23018
32334
10171
13016
22980
12523
6562
24358
28942
12205
956
20729
24948
2592
31156
18015
17817
12779
8678
6739
25180
5890
12484
25234
7514
21532
13176
8106
15539
32616
28107
13140
21522
29563
20293
4355
743
9357
17301
23741
26615
21990
25140
27690
28183
17299
16710
24043
22068
5213
28609
15148
8855
10236
23248
22397
18279
5511
8826
25309
17520
28207
8575
25112
3106
6189
11394
340
23517
22009
19565
29926
26988
19901
30738
23658
2511
9481
4366
23570
13629
1224
10227
24638
3177
6515
19366
16205
17157
25476
26629
11699
4996
27694
30669
14412
8229
12875
3515
14577
25901
25494
30962
31048
8307
13850
2205
30688
21026
30186
13013
893
15035
6931
8901
8368
31321
31695
29196
28075
13625
28411
4450
30804
24953
29387
9343
15000
8736
11197
21817
12546
21343
20427
25068
16268
11287
20965
27422
22709
6298
24990
17507
6867
12982
4902
19583
22443
31472
17272
4299
14911
14093
3284
16346
32487
6615
24432
12123
29091
6173
4715
31041
9904
3836
258
29730
8537
8029
2054
2781
23824
25279
30605
14208
27837
23863
19689
9577
9302
20660
18646
16043
176
21896
13815
10419
16789
23588
29572
29739
27158
31779
6205
1054
6946
13451
16802
28765
31832
335
25445
26402
10010
27160
11040
20980
18403
28228
19524
16842
27098
29231
18513
26227
8359
4530
1869
5429
1157
31722
21615
8885
13464
15419
4891
5142
21378
5268
16403
27493
12849
19700
4843
4917
7418
7213
21437
11654
32492
3560
14623
18924
20318
2537
25170
18157
32203
24724
16828
25258
20448
176
2968
16066
26066
14956
31981
23411
22773
13215
3772
19970
10379
29012
27006
13917
26841
6790
11470
14336
26753
22568
24418
31253
16395
30313
6975
29407
32709
11061
18989
600
28621
9727
1641
8217
5740
19646
29595
8315
30885
18997
9223
21756
18702
20856
24071
3044
30943
15020
21945
13096
24393
23822
12021
8846
27401
18999
23426
20754
4668
20126
10633
31112
29813
23390
5705
29316
25357
15673
14605
15735
17338
17629
23131
4378
355
17511
2927
25360
32563
1574
20968
13511
16877
8353
15296
10143
17279
19419
28545
7246
9433
7125
3254
24963
12799
17493
28832
13769
27741
18918
13099
8366
3932
17440
28704
26405
17202
5417
12444
7978
29182
14972
2241
9892
29460
6889
15787
399
149
30173
1958
25434
11076
22500
17566
26510
16532
14444
11991
15793
22278
9420
27614
19562
29873
7301
1983
4070
1058
711
12408
14201
2919
18743
17838
18057
22887
14319
4255
15528
7541
30406
14424
2304
7460
15314
17959
19700
31836
17196
20052
12804
19373
29683
4364
22257
20708
22164
10142
6178
15836
16456
4586
14151
18839
22494
14357
9788
24461
22458
13442
31024
22852
12574
31230
17414
30241
29864
10811
26363
1406
9244
12416
3722
30461
20836
29854
27277
17691
11989
14886
24740
28168
29876
32729
15834
28342
16377
29536
11142
29743
20050
19774
27504
14125
15211
10498
7989
13796
9069
11713
7917
16419
20165
6851
8970
2459
19238
3197
17795
13950
5585
3519
7731
5709
15124
18735
32380
235
3856
28406
4143
2549
25536
8889
23472
32342
24631
1483
31061
24597
23849
12705
29200
21618
27309
13958
4942
14386
25409
29327
14878
20023
12303
21714
22934
15443
8815
24787
16498
19038
1708
1599
25087
6022
21515
8413
9784
14823
7689
13505
1326
31836
10981
15043
29101
11924
21342
4399
22300
15208
4030
25790
11941
31083
22039
9669
28566
27075
11725
23981
24327
22840
7252
30883
702
6027
20283
22416
15183
14601
10090
15948
18823
5727
2472
29199
17163
32432
6240
7208
14909
20453
15012
17649
7519
26949
5234
31490
4347
11333
21558
31397
18818
32673
31121
27018
10291
2219
31065
31420
7998
3811
25313
3796
8490
15817
27258
9325
8052
14575
32057
11479
23673
13906
16891
6416
5269
4842
11175
13039
17037
5504
179
5795
810
21440
31722
24668
23591
28047
27244
25160
27214
4767
27382
30401
15069
1600
12899
17093
21550
5497
31091
31910
12695
13143
30668
2818
13968
12165
4158
4086
23827
15133
4683
13455
9033
12222
13543
18561
31842
19679
11900
2588
18628
24418
3633
10875
6505
1900
14956
25087
17026
4213
14485
10492
353
3995
8734
26801
14741
15420
27328
14462
3415
14019
23559
31569
21797
12738
27152
29026
15020
12610
17810
4640
31467
21591
20251
17002
5014
23799
20380
15107
24504
27147
6696
13120
26525
6087
31481
9220
26607
31287
6068
14062
21535
9755
9453
13777
22534
15349
5358
3685
7373
10592
9140
15932
21770
5283
25659
15095
21547
9862
13052
10937
13592
9829
12723
220
21524
7298
12389
21219
8164
28319
10146
31152
1588
10957
10248
21240
32566
29823
25352
14067
31884
18402
12525
30296
16232
1905
14361
29832
23026
1988
6546
12809
24554
3496
18110
23351
2702
29301
25707
12086
21438
25244
24338
21291
19550
27264
5213
26028
12796
17799
13798
26229
1970
9072
18754
18012
13902
22503
26942
13191
30641
10326
11368
30172
4469
11263
21714
28601
8915
29256
11538
5861
2499
25429
13965
31175
9060
3804
3318
9430
27551
23861
8977
31825
16391
22193
15549
24112
18948
29997
18993
8282
21553
13287
2182
16152
3842
20880
2934
20426
2218
30882
5219
3033
23612
16883
23194
2028
23568
17803
10458
27487
15208
11698
29712
15345
31571
78
20325
4540
7890
4716
24954
18283
27194
23069
16114
31399
12761
4739
20018
28882
31708
26155
6244
13304
31088
5021
11202
31746
6952
16434
29457
14381
17567
27942
9835
19643
25438
17134
14658
22761
27904
9932
27042
6432
2196
20128
21686
14703
26434
18177
13454
11321
4146
8076
11039
22827
9129
12668
16012
14449
22901
13436
27300
11818
16012
5561
27563
14873
30192
17722
9821
20381
213
28020
20784
27107
20998
18713
17114
12378
12421
2866
2579
16231
11633
3437
12956
26971
12589
14520
23424
930
25535
23566
666
5180
29814
26001
10583
29554
1232
12762
14013
13761
15002
25997
15020
29211
15705
1328
30308
14415
8937
16189
20040
19397
3940
7285
2274
30318
3142
2680
32550
2043
23246
29843
8699
21837
17831
24281
30967
19501
13767
14197
32362
28478
3736
21054
31903
20015
5461
17036
20574
20021
26551
1866
13493
22201
17874
15693
31737
13902
13113
19428
23047
21477
13161
16305
9167
68
9573
18359
10260
31668
669
2227
1389
1018
1300
15024
8592
32393
30914
17622
9679
4854
15416
19331
9443
18860
13442
25757
19945
737
14417
26150
20650
22985
13914
784
22303
18441
6905
10835
14389
7534
14618
23614
18381
8159
14937
27146
26631
26512
23144
21429
16320
19321
29105
14350
14937
29191
4925
2828
13498
23057
16853
1635
31639
28685
103
2137
32498
900
16811
21718
24290
12483
31493
27835
13714
4820
24238
28533
17036
20908
271
15058
23352
24742
28013
15635
17567
304
28107
11586
23157
24004
2572
7622
10071
20763
601
7476
21073
11677
18626
22888
1443
6427
15912
30933
12997
20672
13914
7705
22440
26949
1918
18900
10559
24421
10419
3771
18238
3217
9204
19432
23842
21476
24383
24948
21617
7001
247
4936
31811
25916
29576
3632
18945
7646
19529
17202
5997
29069
6566
3357
482
16067
23678
21604
20189
30878
12490
9517
31165
3472
27008
27558
20167
9816
9143
19096
14189
20785
5387
16446
7120
27977
6467
3415
32131
27252
17201
4730
12178
12578
29914
6058
20419
18063
17111
12842
25883
313
9979
15506
18340
24983
17974
5411
13678
25352
19897
5720
14548
22794
11099
32189
17408
11436
9532
13572
9650
3654
5288
12630
15164
28519
18494
23783
978
22799
20817
16077
30976
29214
16526
21778
20604
18957
5599
21768
2846
15324
26512
17884
29997
32075
1201
10606
31708
11853
5819
10080
31764
31930
1654
28270
28276
12356
10265
16381
5271
12972
29363
23030
2965
26678
18123
13012
26572
27738
2115
15356
15840
1724
3971
7757
15616
27742
13779
9465
15979
8468
263
19091
28211
3385
12898
7273
28993
7073
15541
26643
11418
29646
26055
26444
4577
9319
5881
24065
5404
20965
8490
24232
12219
15760
30681
10451
5334
14506
10121
22021
31414
22506
2922
18628
7575
31532
1589
4591
24492
32102
16984
16466
10852
8414
15699
20088
29932
2970
8802
8896
5109
26648
14428
21939
14007
32320
26331
12949
13621
22679
5789
9786
5059
18869
28970
4124
24518
26105
17335
10666
18876
17787
2379
30690
8316
8770
24608
31521
4542
9912
28236
4410
21469
90
31136
15814
7388
2740
14033
19644
2728
9869
5077
834
24732
4447
400
21186
15946
20746
176
16959
13177
1992
30166
490
21866
17508
2294
23792
14688
8871
5120
32151
30814
20500
25792
14217
8243
18645
22019
19567
13748
24820
1019
24258
11337
28110
8164
1758
30379
9157
9960
15961
5355
31798
64
5522
17335
14251
18077
26509
12505
20561
16582
32766
22784
28844
19842
26531
29379
17033
18104
19159
2787
10804
8149
11877
13776
16876
17262
26266
31343
10644
29735
1182
23067
32427
13523
11780
6634
4222
31708
4767
12593
9372
13797
29847
330
24459
23471
30397
14996
9657
7993
9500
4796
2229
29740
27600
12347
5279
30581
28700
28448
4574
31284
32694
25360
3856
13269
2661
14987
18247
24444
22990
26480
14450
18599
31627
12484
32281
2831
4478
4527
17486
2511
31845
2503
26336
25031
5294
17042
4305
23363
25996
11845
28682
7896
7754
978
20814
12687
11744
15394
14445
31814
15556
29855
18618
25170
30978
23286
4542
11113
26767
1563
5166
17600
13786
24717
4891
7536
10917
2011
1385
8734
19731
17767
15234
7131
21250
1130
3403
30281
24474
26936
9304
12543
16166
28102
13916
47
5411
10089
17379
24710
12439
6624
12099
8788
31397
15253
16335
12269
13149
3872
25935
4943
28889
30221
20397
32517
5253
8415
12017
24139
10942
16468
12143
12402
26783
23531
1599
13190
15383
29092
8686
8751
8767
17159
21363
2261
14315
29543
869
30215
14464
23400
18283
2590
24325
13759
27635
10781
23932
2361
17959
23004
24178
29695
25116
358
17621
15384
24909
8607
7686
18735
7497
15402
31279
27543
25256
29321
7895
5260
22595
8326
18355
25532
26277
30162
27071
11782
13244
21229
11406
24961
1748
27973
3550
27328
10439
32418
25456
32596
5229
961
12055
29075
2906
20031
30990
29080
25289
28090
9358
24459
7379
13362
29344
4899
8677
22965
10033
15464
11888
827
1124
16830
18658
12495
4140
16159
21462
22255
22553
2728
4231
10038
10098
25175
9611
19512
25477
10003
32190
7342
571
18668
4988
2515
20207
18597
31763
19725
29056
29295
18295
6352
27557
13816
2104
20671
129
16292
6066
3349
14968
14106
27268
27972
832
18179
2371
32220
571
21006
367
13741
13572
31032
25253
20016
30280
22346
7191
31523
26327
5539
20026
17780
27898
15927
25790
3424
15880
28376
3267
30684
9780
20917
23370
19252
681
32544
14313
32498
8665
11412
24516
769
32273
19702
5304
530
1617
1563
19673
9023
26972
8075
30239
3822
5899
20100
8796
15097
27622
834
12145
16908
15093
7038
16322
19022
10708
7733
5863
16195
4870
25770
11941
25329
25227
21678
6172
31297
8373
4127
32065
6313
7991
15791
22159
20232
31871
20198
10490
16849
28998
26475
24613
27244
7269
18815
6356
2009
16618
27594
28580
663
10859
7258
10234
18372
11162
21737
16185
24453
27418
9310
16440
17064
29329
20887
27379
13192
13311
7014
1152
7729
31054
14809
25413
17349
29226
1215
2921
13599
21522
25447
28552
24757
16559
27051
10667
14275
26213
17965
16503
11942
3881
26081
19620
7301
4498
28876
4785
15927
22578
1035
25814
24673
29478
19734
24891
29919
26604
27206
24679
5990
13173
13461
10235
17767
12923
22182
13728
19766
25621
21765
13886
14443
14985
27567
32111
13705
28257
25813
4403
17629
1985
19677
7653
11433
4599
10154
26221
30850
11604
2845
1208
2039
29498
17115
3685
28787
24695
24913
29121
13925
14801
25078
7926
8605
7906
16592
20863
12537
16167
11066
3551
28994
25939
11748
10131
15185
19689
1051
25413
7542
30217
27723
2370
29722
27530
9666
31790
30114
12106
31670
10231
13719
16578
394
23815
25348
29150
25677
27582
17952
32267
30084
5151
16685
6033
21289
7625
22688
24355
20723
11305
1666
31156
1752
8943
23830
14477
10449
11966
15548
1949
3037
17960
8469
5648
31816
14041
18792
27939
18733
4882
16453
26934
10554
4954
1640
18722
23731
16496
25823
18382
12473
31107
10864
29693
18381
10917
22581
14954
19344
18302
393
22039
27596
24125
25384
6882
20152
22228
30097
20057
22136
12901
32431
719
24548
24311
26297
10416
24202
29550
21591
18961
31222
26554
21510
9355
4145
7502
3773
5450
16775
19412
21457
2913
27021
9759
31254
29792
10595
19297
23623
22313
26423
22686
29863
4351
26378
11872
23529
26848
24759
16045
12109
27925
14129
30518
8717
20231
13580
7121
15863
12628
29247
9513
5979
7202
18216
30644
30759
2996
28880
1766
18001
19771
19057
14501
10613
7662
16437
7420
13248
16476
24385
19987
4620
31745
9970
3167
1868
15128
32614
27414
14123
15025
31039
8422
1008
259
15011
20710
933
3587
15751
24525
20600
31286
17198
10594
14433
30659
8428
10803
4101
27084
18992
29066
11483
1534
15298
28573
19085
13415
11336
29701
24481
8584
9743
28785
9560
13996
28168
21404
22230
27768
23569
4220
27524
11202
2166
9661
20659
12455
29368
14701
26242
9175
1421
7417
17409
24116111
7207
19800111
1686
2716
27833
17286
12448111
6658
31800
10548
23387
15812
32607
17854111
16388
23608
19701
14173
23613
13192111
17746
19614
13746
7873
21280
4626
253
12582
26975
26695
12231111
7114
8875
13816
10800
4446
26050
2689
14193111
7239
13121
17557
22976
6900
174
4403
8565
22126
17595
22230
15210
26416
6345
24813
16039111
23610
5036
24458
32063
22625
16814
3934
23669
6633
24022
7653
30755
8277
12394
7646
5469
25726
14002
8190
10321
22243
30719
17381
29041
6208
11244111
21841
30165
8290
5604
18834
22234
18233
14820
12606
19728
25647
20098
29221
19027
30648111
4143
23943
1847
4906
22969
30341
32682
29392
9748
31958
8916
32313
24409
4027
14914
8918
7951
32053
19524
15557
17322
4469
32147
487
32593
31380
13879
9016
17380
5252
3496
6240
12350
12615
16948
18821
25271
12638
16288
2916
21741
133
30994
8608
9413
19101
6703
15193
28332
31978
21376
7681
7459
26494
17946
29291
20858
4853
21118
26661
18907
7779
20158
8968
26763
14731
26593
9997
16493
3922
12937
13923
19144
13427
11987
21950
10825
28275
17279
27377
8012
26328
29777
10687
4439
7830
22454
17134
20967
13770
4011
2462
31856
23466
18907
729
6047
31420
2823
4971
23522
30023
18859
16372
17194
1544
7135
13115
17904
6437
31867
32453
26998
12647
27518
18855
847
11683
28081
24984
22049
633
12167
25162
27562
15425
20296
26363
20481
23875
4718
31303
4638
27686
2640
14400
11677
18092
27645
22208
16831
3228
8043
2046
14770
14079
18897
27488
18962
12174
22353
144
26543
31852
18394
20690
7057
21521
17229
17045
22585
11654
14558
19271
13354
8408
3518
29550
11688
11207
7927
24821
23488
11966
6807
23491
12424
13832
29712
147
12456
25408
30687
5631
17433
2825
17004
14301
1069
23296
7729
19663
10960
7151
3359
31254
1805
25668
317
2471
6868
20161
2195
30337
17914
2420
28742
4925
8833
20714
8964
32487
30234
11168
18082
23564
23784
31162
23812
32276
4487
11511
27710
210
30285
15589
29176
32346
17359
11089
9751
22291
167
11522
20634
16397
9845
19111
14017
2964
6180
3597
25461
24581
19823
3989
20196
20704
22435
30694
10604
3615
9126
18911
19898
7622
7480
2255
7731
21436
6009
3817
20882
31705
7851
10226
29395
27200
5946
17469
6225
26095
19961
22489
5675
8596
23983
14857
12267
13986
3538
6388
3434
22181
3730
21918
30446
9939
13850
23575
7318
31203
8978
19443
27896
23586
26728
1273
16136
9667
9808
27680
21308
1910
13449
31927
28653
17725
16866
31203
7425
4987
3326
21582
17095
19022
6740
6174
12322
25375
2937
30500
19434
29816
31650
17238
30095
8213
1381
28032
22783
10045
21951
23606
14794
6483
28763
12045
31108
20648
2321
16907
23916
12691
5806
1371
22346
24516
755
32069
21918
24021
7136
32350
24310
19234
10802
31228
31904
13275
20778
28397
14465
10071
7056
21097
12869
2219
23032
1348
4025
19836
13892
10600
19572
7953
8298
27523
11453
4524
30839
5373
22441
26139
6612
31277
23684
2442
11208
6348
10098
18331
23359
31402
10582
25273
25034
12447
14067
1705
32230
31173
25426
18785
16513
27364
22883
11806
21434
10798
30950
24241
7913
4909
14988
3865
27615
22265
8026
16215
29039
27822
12111
20350
26413
26141
19270
6666
1653
31938
22046
2162
7343
27383
30999
22017
4818
25958
1919
29921
3623
18628
17807
18809
3664
20413
5776
12281
11400
25898
22081
50
24620
26250
24957
940
27771
27312
4633
4594
23450
24761
12812
18225
10970
6977
10706
2305
3134
7127
28178
19843
24888
12973
28798
22700
21172
18068
6138
25568
10839
22824
1025
25539
20745
6984
8005
24652
5809
9674
17814
4891
10047
10860
261
16396
20720
12557
8777
31756
32717
13597
14434
22059
4726
14162
11132
5875
27677
6044
32533
2552
26581
19292
32610
1457
4365
17361
24047
9606
17751
6354
391
27178
9071
19395
3411
13355
27512
14018
25413
19656
13448
31777
9656
28930
7015
2585
31824
4854
20116
1724
8232
17769
7049
14380
29484
1445
24896
15627
9923
22404
3062
10546
13746
26570
32303
23206
13629
10423
2810
6855
16782
7389
25974
24523
2395
17456
10645
17003
15556
24412
25120
31708
25466
32091
12284
1
24102
1862
30379
2015
5897
15979
12821
8273
9695
24737
22921
4349
27402
26328
29695
12166
26092
4596
16800
29444
19093
14812
7816
23473
6814
4813
714
740
17748
23797
17332
26436
4890
12861
31317
18741
24584
26214
13117
11159
27096
11607
19332
19632
13571
31669
7950
11110
19751
21941
27660
27826
25772
46
4038
13649
6055
18419
153
19389
22014
21343
10555
5723
14542
12849
2375
18934
18185
8090
16117
23660
28004
10901
24104
4007
11632
14455
14511
10447
18438
5575
31684
10174
26345
2383
18137
4789
2471
7539
8085
10829
14784
5058
26393
6576
18954
14027
13447
30472
9556
32306
14533
10296
28746
14595
3966
32715
665
12869
8554
9769
31571
979
31696
8977
29844
2919
16713
6979
6758
13816
6086
5757
10466
5446
14292
25001
5528
29619
287
24917
26673
23124
14389
26723
1619
15688
20877
26370
30405
16968
28104
1501
24532
21888
27446
402
17653
157
12444
23141
18347
14376
5429
11318
28587
4882
2550
17072
15935
8336
26646
15812
4328
20521
2254
23125
5959
8204
2654
13109
24637
1448
26192
3665
16978
17527
15616
2600
9043
10010
31324
16258
25407
20139
14313
11102
28261
3151
7
29996
15046
30986
22133
25916
13504
16344
10775
8055
24302
19961
5111
30285
10570
23948
1931
27118
17300
3679
22582
10173
28408
262
14352
7681
4843
10282
5098
30686
6486
17444
28813
5509
22006
15562
11587
21671
32002
19849
20377
15663
27919
14261
15458
26160
20530
28444
511
10012
22628
29921
6110
26936
6954
21640
14145
11596
20597
30541
12609
6559
30918
16826
26130
9250
11927
12152
16776
11500
9975
24934
24794
7398
9588
20968
17831
23752
26429
9090
14902
14404
18824
15781
19202
384
12082
11208
31094
2250
27045
29371
3061
15496
10495
20536
7965
1389
14193
6332
23629
13043
996
10132
31076
3077
16355
5435
26060
22523
5301
10211
18616
29644
13257
12882
13481
18303
18008
21743
13367
12259
69
21789
5134
12416
23112
32455
3639
461
14155
17468
15001
20388
30996
4158
26815
15346
18469
32341
18139
31155
4832
28010
31243
5150
2031
8336
3036
13852
4067
25125
20749
1535
2587
23834
11669
26993
20712
8335
23014
17834
18670
419
3444
4071
32718
20362
12913
16919
7682
3552
1755
2007
12296
10556
20153
14240
2754
23049
31650
27711
20253
10641
28030
21126
20721
19803
12433
32578
25896
19639
23733
24941
23331
9367
31206
9380
9561
23968
3588
6107
30017
18561
14293
27727
20083
21636
31562
24764
21770
13410
8963
11472
23372
17756
23316
16608
29325
27783
26890
11739
848
24168
9513
18812
12464
1216
6392
25283
2814
30377
26368
6821
21932
14050
24528
13571
25705
11368
26692
30169
21390
2374
5383
24248
8121
5037
8023
24694
24759
1351
5896
21796
11176
29897
30156
22080
24669
32200
30641
17196
26117
6861
23787
3039
6921
26027
30932
5083
31796
12816
12849
16734
18199
13915
22711
3293
7084
13997
29646
9390
24889
26179
28308
30981
29303
29443
17701
17441
21748
28500
5914
25287
32694
3635
17231
4336
29985
25988
28906
24255
13339
10917
10648
29109
17517
7497
26906
26152
25196
5252
17921
25841
3546
25122
6069
16742
7
61
15804
13192
19771
15631
27705
637
13656
22788
8627
13120
26556
19219
10776
3991
15973
8015
21250
6469
13400
9145
13624
15745
6979
22361
14200
23720
21601
20365
11892
31279
4254
1952
15898
10459
23548
20126
24600
1844
30773
18279
13216
24631
19106
12035
31336
17483
24923
23861
26358
11894
21408
13139
8218
2513
375
27988
7612
11065
30359
2347
17111
4936
29829
14420
22726
3203
26621
4012
20415
31189
19859
27013
26781
26941
18842
11770
11234
16067
30533
30080
20988
2992
13068
14782
199
26110
25681
2207
596
21518
2628
28069
22761
8345
4100
1408
21576
10985
11271
28639
3124
1865
20155
4998
25650
954
25709
26784
31885
25831
28267
15703
13468
28507
14181
10403
8775
4338
10009
8031
8904
16013
31024
24482
26799
23050
23394
9804
11049
13428
14049
25311
23169
118
10485
23953
32231
18710
28387
927
7793
16544
18708
19939
25439
31711
6515
30121
17315
28051
16663
27583
28833
13856
290
17867
24115
7044
25321
5601
3056
15755
27477
24661
29614
23110
7561
9166
16709
14009
4292
10140
14230
32724
7561
1100
26316
14245
26110
6777
6114
715
15763
27621
4454
27182
13283
2760
6524
25837
18143
4967
22821
16024
41
25577
1217
11680
446
1638
28115
11787
17880
322
25093
29804
5651
441
31596
3347
32206
5306
17932
31617
15316
25081
24223
28191
30524
7488
28306
23087
15245
8709
10577
5122
38
27970
11972
14187
16093
27009
30489
29813
24039
16694
11205
5201
28920
11090
4549
19090
5546
26133
26922
9885
28451
21540
26068
14682
1266
28635
9598
17200
2363
2276
18171
32305
18964
9
1726
22673
21038
30022
1184
13149
31928
7203
5854
31081
128
10817
20065
8843
13916
5170
4163
30470
7880
3213
26766
10057
27344
31042
31303
3034
3121
21292
12459
8589
4283
9189
5560
5625
19705
5598
29167
30764
6676
19119
6489
24990
10997
27563
2504
11108
15530
10424
15967
934
9739
6494
23636
30547
2717
13341
7413
17427
13494
20484
6377
1662
23266
25727
22713
6283
21638
31601
20111
13387
451
2434
7485
11991
27293
8379
20608
24455
22877
12624
27270
1892
29747
19644
27311
19680
6688
7955
12689
8133
1811
4756
26174
6508
851
20862
16585
11567
8732
6694
24070
15648
21389
6469
146
26364
19906
16022
25363
7514
4413
16289
32705
24872
3210
15569
28966
12120
8994
15565
20513
30423
7057
29189
13105
10943
14548
32395
13040
17613
773
10789
6110
19477
826
16032
5472
13300
30378
32359
13833
10055
15633
26964
23831
5082
1622
17349
321
2596
875
5107
1200
17713
7798
2431
20043
28383
32302
846
2103
29773
22663
10135
10142
32401
22673
16954
8624
25513
7069
23892
29160
9140
2467
18448
21905
18019
3296
32704
24712
11434
27843
12076
20291
10939
20490
14377
14866
32308
10793
31598
3493
29847
6123
21156
27855
22012
28507
28860
24457
26626
1765
7301
29498
7435
30649
31102
12342
17321
24432
21225
2180
19027
25842
7456
9188
27485
1175
8492
11536
21799
26508
1684
1091
8852
19065
12147
31480
14269
14176
6861
31988
22247
5833
16675
19078
435
23580
8005
10254
31381
20814
25448
9916
31367
17855
28792
27290
28415
9315
11184
4557
21534
13601
18535
8472
32554
3448
1581
6561
27966
29800
5398
7160
27200
15760
5206
15445
9236
24468
24334
27681
32271
18881
7014
7352
14511
15604
16348
32622
16777
11191
732
1744
16258
26030
26768
3372
12098
4658
25337
17491
9190
15931
14399
21149
32757
387
9029
16686
14998
32488
25217
8056
1280
17426
10507
1
25649
19543
9715
12902
4835
10971
5592
24225
16316
8188
4790
25991
31685
7661
5632
10900
27933
160
24815
10987
6639
31978
16153
1433
24481
2786
22341
22810
27214
20362
32382
6686
16503
18865
16742
18317
14069
17943
6093
8136
24882
24275
30338
15154
20889
2546
13161
12271
15947
31585
28622
8939
24084
24077
31993
27166
4509
10312
28419
9231
11491
3951
20968
26775
29927
24265
13532
30440
9640
13747
32739
1229
5198
28922
18332
4916
16808
17289
4957
27625
28888
16964
18821
11428
5709
26419
13838
838
13042
20451
24418
32608
28581
15113
7536
7413
3307
2409
9982
27777
31458
17910
2369
31801
11639
31035
15787
26261
216
19449
20996
10764
16941
15634
22204
11806
12419
28325
1920
6552
2568
20091
25099
24084
31102
7586
7999
7359
30698
6999
17012
18527
30348
22314
13072
10388
25876
28252
5207
8797
26643
14476
20357
27103
21424
10130
1050
354
16028
24236
21110
10653
16712
17624
13477
10035
13653
5760
22908
381
2380
14940
13797
7818
31887
23957
16503
24676
22415
6950
2890
10133
29760
12936
12297
24298
10954
4494
16968
29815
30338
13710
15384
25563
26392
10177
6361
13766
12817
6380
4688
6328
30840
24640
13306
30475
5329
24959
14495
11827
1359
7777
26153
19269
17991
30518
23479
28854
12515
24268
1518
18789
12827
1427
11663
11484
28129
16383
21583
22739
8860
11310
21475
25590
24792
23243
29530
19945
27452
32562
26287
20616
21180
27349
27807
22131
8976
22494
32440
15050
13156
18198
18355
13877
28497
29957
21507
7464
11276
10843
12462
21349
24029
27534
27740
6338
16851
19397
11949
4908
20407
26357
22992
14828
2110
18249
27218
1577
29570
14792
2355
3246
25523
22066
1087
25838
20490
15914
8347
325
23551
22426
31647
23681
24252
1620
28131
8353
32465
10485
9373
10973
13865
23823
25898
4326
21053
20103
12010
2926
17543
5691
12113
27115
22330
27624
15419
29592
6704
12108
18560
22973
7204
3207
1737
7985
17441
16327
11938
6429
24378
15396
6096
